1023472
1121912
1197789
1307636
1325463
1338086
1338979
1368083
1376565
1376735
1381284
1408673
1423631
1453216
1519248
1573596
1627124
1672120
1673920
1724962
1727135
1742662
1774090
1807549
1818012
1863794
1903723
1910777
1969443
1992338
2176741
2323145
2344208
2537595
2544492
2688059
2906605
3073525
3133790
3137015
3141970
3197803
3210408
3219862
3250552
3256088
3459047
3548489
3592412
3773603
4001731
4048013
4088980
4203337
4321519
4366082
4534830
4671400
4693904
4791238
4841107
4946075
4996112
5029718
5036728
5050346
5065946
5069760
5080650
5103494
5180273
5191895
5448584
5506826
5957329
6012801
6070445
6092860
6126999
6130371
6154611
6173082
6213482
6254833
6301154
6552483
6772929
6911622
6928857
6970263
6991681
7156409
7242498
7369119
7507671
7805067
7821085
7872690
7978117
8172632
8188898
8299393
8381758
8382293
8898843
8898884
8913373
8921660
9028176
9043600
9066481
9154659
9256819
9266052
9307336
9557104
9581646
9636361
9657602
9741190
9741828
9853045
10406543
10521297
10552933
10588770
10891187
11182784
11457723
11520277
11540031
11667040
11949569
12023730
12290503
12480808
12630106
13005702
13358002
13567606
13814426
14089630
14127109
14197144
14387489
14514541
14654966
14784388
15247885
15277887
15490144
15606251
16538643
16736289
17106386
17181079
17610036
17764031
18193669
18385547
18832795
18836440
19121586
19723535
19979132
19992424
20141404
20149303
20256798
20291605
20569067
20645206
21522834
21569329
21715206
21725457
22567908
22634265
22676698
23170694
23211535
23573108
23897666
24292732
25163324
25761714
26157235
26173034
26498019
26970634
27079776
27284830
27287429
27541754
27839211
28525582
28579803
29127727
29640740
30352822
30783757
30786248
30963826
31331051
31414766
31689583
31779838
31930357
32006470
32093028
32543716
32672651
33095568
33174293
33278685
33638016
33747226
33892381
34302497
34595699
36039951
36279193
36943280
36982932
37153124
37300886
37335296
37619129
38006110
38049532
38062712
38524929
38567223
38798468
38973392
39203740
39494143
39494810
39723387
39860122
39953744
40179749
40535536
40540304
40828980
40928496
41002973
42395868
42557936
42598482
42630900
43329327
43837947
43957141
43964519
43991108
44976271
45006140
45155244
45281529
45534641
45776796
46198011
46263810
46420766
46859745
46901799
47182209
48229301
48596811
48620512
48822402
49159957
49591852
49671092
50669670
50726181
50911668
51237027
51266187
51398089
51749415
52089695
52128984
52311607
52927001
53109898
53117149
54007823
54038138
54698428
54885111
54977231
55947485
56294614
57156663
57223794
57370025
57823684
57900928
58215778
58308508
58369562
58525536
58667809
58916180
59354865
59682471
59954201
60052750
60643533
60704830
61141891
61974549
62164900
62722038
62808535
63079268
63134175
63690705
63811350
64103047
64299332
64465503
64632888
64836799
65320400
65717948
66088902
66224189
66691122
66753844
66828476
67641597
68025683
68034438
68206705
68267934
68668805
68678788
68729529
69118289
69373090
69482114
69586055
69672137
70343640
70622857
70899393
70922810
70939304
70965805
71017115
71088637
71172589
71191787
71351449
71550800
72595457
72632482
72633340
72634389
72637457
73090917
73155822
73299026
73351538
73354573
73370843
73407728
73695165
73739955
73891921
74019126
74103508
74108176
74343414
74447095
74811571
75165949
75295832
75303198
75553560
75916762
75961300
76164771
76524429
76881627
77176477
77817617
78277396
78306688
78360656
78368261
78374094
78374272
78374942
78381879
78411793
78537385
78570513
78577552
78602866
78613913
78622984
78628925
78643840
78650478
78665809
78689554
78711150
78720225
78738235
78745061
78748913
78770392
78825612
78843526
78855857
78857127
78883327
78975807
79090324
79186185
79197169
79209419
79239061
79251332
79253761
79254474
79282059
79297662
79331239
79347168
79359314
79380105
79410657
79414138
79446686
79453470
79463764
79464963
79481120
79481448
79488432
79518541
79529872
79539589
79587040
79618290
79627382
79659453
79673287
79720068
79728394
79735371
79748458
79787440
79812302
79827246
79832637
79834910
79845709
79869344
79944512
80000464
80001807
80011988
80040706
80198742
80234851
80306134
80333696
80354344
80388745
80406524
80408824
80425729
80438446
80483434
80509660
80510300
80511443
80521853
80524318
80526889
80537986
80540981
80557824
80560682
80590937
80638467
80688784
80747506
80778868
80942123
80956862
80997786
81030226
81040214
81075704
81113627
81154401
81466849
82193277
82355652
82894929
83847876
84215677
84567473
85189089
85619880
85698900
85783707
86003852
86251469
86352689
86438152
86694861
87403499
87701231
87716924
88057158
88365767
88389739
88603548
88605787
88692843
88736686
88765177
89401640
89896737
90012183
90031253
90111733
90161188
90588914
90599171
92430107
92591208
92658152
93019953
93315810
93564180
94016941
94160959
94261935
94738007
95347159
96571862
96873760
97220180
97779698
97786441
98009814
98253771
98401086
98692374
98696925
99376014
99430634
99903148
100364152
100650816
101176097
101474992
101753403
101760734
102793460
103041182
103197583
103202859
103280830
103312802
103385519
103534595
105667401
105683390
106001675
106744142
107212169
107636946
107689713
107910259
107930133
107939357
108024050
108319633
108608555
108840075
109448030
110482101
111023727
111187295
111476313
111642997
111899506
112074757
112281840
112636170
112753194
112865048
112893131
112996327
113045715
113188770
113402713
113785385
114129591
114921872
115415338
116012659
116194192
118030845
118052013
118280150
118727283
118860779
119079903
119514144
119969970
120559203
120840798
120852520
121016844
121396217
121556096
121701957
122071905
122559698
122767437
123478914
123716578
123922788
124023404
124116463
124289708
124333886
124623039
125047027
125368121
125535182
125744040
125834866
126111272
126166768
126511963
127327877
127865447
128159105
128256950
128729373
128990368
129133893
129148610
130381051
130902872
131242658
131336773
131480662
131666567
131666708
131951972
132048377
132095394
132222063
132286332
132498200
132599668
133036850
133090261
133129044
133239397
133297288
133661020
134120422
134265938
134466999
134510648
135471162
135665169
135726185
135745219
135838084
136155178
136391252
136815235
136890881
137072729
137200726
137206202
137672239
138619452
139137983
139397058
141089487
141254842
141315924
141544648
142063333
142120273
142984124
143147762
143339492
143530926
143630502
143682164
143692858
144184392
144280943
144376696
144579815
144763067
144906075
146047928
146389994
146708227
146850255
146881875
147131627
147851054
147996417
148015449
148025380
148076107
148095086
148099450
148102890
148161193
148301935
148508286
149530219
150736700
150776503
151045309
151288037
151480134
151580305
151772530
152867235
152871823
152887261
153476226
153523022
153531108
153903802
153956417
155096154
155143050
155922172
155953086
156123916
156992745
157241688
157597522
158110697
159734151
159987093
160530572
160610809
160759135
160853300
161084421
161395389
161619705
161906193
162823777
164947314
165449872
166084541
166569850
166669742
166994863
167013189
167095418
167448955
167525638
167646140
167789531
167960462
168091937
168563794
168719552
168926264
169942591
170009687
171078947
171852098
171880859
171898732
171909963
173649976
175124957
175204163
175222520
176091424
176329795
177039286
177886848
178074969
178480146
179570403
179886916
181272209
182004838
182066402
182546234
183749220
184174394
184200785
184227973
184347024
184575108
184779924
185743655
186576310
186945325
187107958
187568928
187615534
189211050
190815519
190828541
190856190
191067664
191386275
191418933
191665814
191974203
192060796
192372860
192770050
192942972
193803103
194239018
194331401
194508131
194757514
195583778
195590237
195956636
195970504
196746916
197071892
197503212
197871515
198350394
198705100
198749777
199077819
201786600
208142526
210091856
210244596
210273256
217006709
217304393
217402193
218114890
221908138
226012417
230792756
235211278
236960576
242694172
243275612
243559783
246787951
248503187
251100749
251923587
298452707
316268655
331266275
338309115
347201258
350663899
355229832
355783010
360638902
361400849
361625932
362130952
362572737
363596297
364156468
365731339
368401212
371972030
382014330
408140007
428869465
480284384
485642987
491179547
523806806
533518072
540775988
556308158
556496370
556820459
556915130
556978807
557049830
601716475
601839660
601903479
602335882
602495579
602667839
602938771
603126678
603395794
603493677
603547944
603814054
605437870
605928246
606290401
606673937
606936271
607775848
607957693
608717450
609074612
609636910
609647649
610342818
610509478
610626798
610703282
610974201
611239542
611639688
611641312
612674457
612706465
612878772
613026223
613208388
613480586
613551167
614345809
614386019
614832819
615308954
615378007
615381907
615503877
616205675
616385667
617441894
617606645
617635735
617942987
618518745
618705925
618932227
618954465
619503634
619712672
619719693
619777097
620371422
621407980
621534887
621647056
621804913
622178747
622350184
622496230
622594492
622692994
622814648
623331717
623425563
623506107
623591174
623624751
624408167
624462131
624851515
626060222
626154640
626578041
626627459
627071103
627810476
648551240
687763879
690536925
690549118
690549415
690549662
690552815
690557624
690651989
710060653
737341631
750159915
780247644
780519752
781162391
781797712
782677426
783014954
783080526
783194087
783194116
783837672
784134470
784141384
784154895
784227402
784635021
784737723
784964426
785091062
785308797
785807611
785918954
786065052
786094003
786235663
786468199
786569272
786892927
787227599
787361302
787411917
787799667
787800114
787815542
788459154
788479368
788549012
788828457
789017506
790297019
790472240
790473453
790555457
790637545
790784474
790801765
790818772
790889711
790934285
790993252
791072197
791120124
791326312
791990146
792851032
796365240
796646453
796830029
797039224
797052701
797470549
797524352
797745718
798247446
799056143
799458039
800250008
801957981
802275391
802856083
803836345
803838374
804703973
805340247
805596710
805985959
806026852
806647801
806780730
806785247
806873761
806933284
807380951
807545538
807680421
807840608
807873125
807941625
808068253
808137546
808233274
808245794
808284181
808354448
808414531
808474212
808805154
808862598
809019180
809189173
809643125
809887164
809953081
812417640
815554056
824878086
824891477
825036189
825060309
825118982
825229318
825284321
825487130
825796688
825892289
826662421
827013467
827022141
827110136
827284519
827663563
827749289
827821757
827839981
827865622
828039789
828164087
828301213
828302864
828373006
828604871
828709589
828777867
828787395
828983200
829063734
829695530
830363177
830952458
831017848
831108928
831127738
831301762
831860338
832162536
832229079
832426261
832503622
832895085
832904770
833045243
833719065
835130485
835979147
836284091
836425207
838390933
839671596
839709532
840215854
841284099
843444964
843894523
844278684
844960232
845109339
847414760
848452090
858888761
859780389
861004349
861422434
867262263
868038840
868095969
868478850
869159897
872904193
873107627
875632531
876868563
877474973
877672683
877933408
877936518
878187012
878515956
878854504
879016178
879059400
879289254
879740454
879774248
883012874
883217606
884114609
884261082
884745530
926705633
926769431
926878810
926918756
927481239
928251321
929305191
931670392
932061653
932463313
932469612
932683121
933678708
933766441
937939460
938289527
939827127
940825334
941326894
942173550
942273863
942320656
942408766
943392522
943629535
944508394
945163509
945193316
946075330
947905766
948396890
948828236
948928270
949053185
949171268
949873624
956122402
956259105
957050883
957523111
957578685
958098352
958313769
959263484
959391509
960380806
961404241
961600272
961615924
961665820
961704876
961746620
961846417
961868721
962257445
962373515
962380692
962685736
962701632
962843496
962916144
963484485
963510578
963846097
964551386
964725688
965068661
965105120
965431047
965573421
965603293
965669000
965708477
965961860
966127768
966133477
966326514
966572682
966648503
967356127
967488581
967488987
967796173
968058177
968093398
968185491
968451591
968509575
968904698
968908124
969239529
969347496
969380372
969770952
969820914
969943864
985015354
985033590
985419987
985594574
